
*Translation from Left Fisheye to RGB:
[[0.00090451]
 [0.03081938]
 [0.00909147]]
*Rotation from Left Fisheye to RGB:
[[ 0.99992992 -0.01088217  0.00466089]
 [ 0.01076998  0.99966688  0.02345488]
 [-0.00491458 -0.02340304  0.99971403]]
*Fundamental from Left Fisheye to RGB:
[[-1.56771010e-07 -6.16682521e-06  1.27760667e-02]
 [ 5.67992981e-06 -4.85646444e-08 -3.08198516e-03]
 [-1.31817572e-02  3.10301040e-03  1.00000000e+00]]
*Translation from Right Fisheye to RGB:
[[0.06391772]
 [0.03097044]
 [0.00835948]]
*Rotation from Right Fisheye to RGB:
[[ 0.99985787 -0.01642481  0.00380396]
 [ 0.01633353  0.99960436  0.0228983 ]
 [-0.00417855 -0.02283291  0.99973056]]
*Fundamental from Right Fisheye to RGB:
[[ 2.77824788e-08  9.46794623e-07 -2.09402314e-03]
 [-8.95092687e-07 -1.37202698e-07  3.82959950e-03]
 [ 2.12111776e-03 -4.48264652e-03  1.00000000e+00]]
*Translation from Left Fisheye to Right Fisheye:
[[-0.06369658]
 [ 0.00049196]
 [ 0.000684  ]]
*Rotation from Left Fisheye to Right Fisheye:
[[ 0.99998212  0.00567422  0.0018885 ]
 [-0.00567624  0.99998332  0.00106889]
 [-0.0018824  -0.00107959  0.99999765]]
*Fundamental from Left Fisheye to Right Fisheye:
[[-1.93583312e-08  4.48205875e-06 -3.83732775e-03]
 [-3.69348737e-06  4.24851002e-07 -2.06905050e-01]
 [ 2.28145429e-03  2.06088655e-01  1.00000000e+00]]