
*Translation from Left Fisheye to RGB:
[[0.00087427]
 [0.03103202]
 [0.00684141]]
*Rotation from Left Fisheye to RGB:
[[ 0.99998549 -0.00210859  0.00495635]
 [ 0.00190313  0.99915328  0.04109879]
 [-0.00503881 -0.04108876  0.99914279]]
*Fundamental from Left Fisheye to RGB:
[[-9.22743406e-08 -4.41839434e-06  1.06217800e-02]
 [ 3.70465117e-06  1.16333645e-08 -2.08346769e-03]
 [-1.12149705e-02  2.18314422e-03  1.00000000e+00]]
*Translation from Right Fisheye to RGB:
[[0.0639962 ]
 [0.03112978]
 [0.00625809]]
*Rotation from Right Fisheye to RGB:
[[ 0.99996131 -0.00765706  0.00433047]
 [ 0.00747879  0.99918038  0.0397823 ]
 [-0.00463154 -0.03974837  0.99919899]]
*Fundamental from Right Fisheye to RGB:
[[ 2.18752949e-08  8.57950592e-07 -2.20660949e-03]
 [-7.45772426e-07 -2.83986689e-07  4.15079849e-03]
 [ 2.32219793e-03 -4.79035990e-03  1.00000000e+00]]
*Translation from Left Fisheye to Right Fisheye:
[[-0.06369292]
 [ 0.00022465]
 [ 0.00044765]]
*Rotation from Left Fisheye to Right Fisheye:
[[ 0.99998366  0.00549793  0.001565  ]
 [-0.0055003   0.99998373  0.00151477]
 [-0.00155665 -0.00152336  0.99999763]]
*Fundamental from Left Fisheye to Right Fisheye:
[[-1.32437699e-08  2.80849958e-06 -2.09826958e-03]
 [-2.18478596e-06  5.92844877e-07 -1.98856012e-01]
 [ 7.03938319e-04  1.97951115e-01  1.00000000e+00]]