
*Translation from Left Fisheye to RGB:
[[0.00062767]
 [0.03221521]
 [0.00777028]]
*Rotation from Left Fisheye to RGB:
[[ 0.99998064 -0.0028041   0.00555407]
 [ 0.0025827   0.99921713  0.03947718]
 [-0.00566042 -0.03946207  0.99920504]]
*Fundamental from Left Fisheye to RGB:
[[-1.07366146e-07 -4.79253263e-06  1.09030387e-02]
 [ 4.09602199e-06  1.57037864e-09 -2.20060750e-03]
 [-1.14166551e-02  2.26415043e-03  1.00000000e+00]]
*Translation from Right Fisheye to RGB:
[[0.06382322]
 [0.03206323]
 [0.00678073]]
*Rotation from Right Fisheye to RGB:
[[ 0.99995492 -0.00836075  0.00449954]
 [ 0.0081811   0.99922267  0.03856337]
 [-0.00481847 -0.03852482  0.99924603]]
*Fundamental from Right Fisheye to RGB:
[[ 2.40749909e-08  9.18501811e-07 -2.29261743e-03]
 [-8.07332595e-07 -2.73602555e-07  4.17024691e-03]
 [ 2.40107324e-03 -4.81338460e-03  1.00000000e+00]]
*Translation from Left Fisheye to Right Fisheye:
[[-0.06346373]
 [ 0.00017204]
 [ 0.00072801]]
*Rotation from Left Fisheye to Right Fisheye:
[[ 0.99998194  0.00582137  0.00149193]
 [-0.00582375  0.99998176  0.0016018 ]
 [-0.00148258 -0.00161046  0.9999976 ]]
*Fundamental from Left Fisheye to Right Fisheye:
[[-2.41849003e-08  4.42022768e-06 -2.71437862e-03]
 [-3.84747418e-06  5.94607792e-07 -1.90972299e-01]
 [ 1.33435794e-03  1.90088887e-01  1.00000000e+00]]